# Image list with two lines of data per image:
#   IMAGE_ID, QW, QX, QY, QZ, TX, TY, TZ, CAMERA_ID, NAME
#   POINTS2D[] as (X, Y, POINT3D_ID)
# Number of images: 100
1 0.707107 0.000000 0.707107 0.000000 2.000000 1.000000 1.269690 1 00040_front.png

2 0.714468 0.699646 -0.005021 0.002177 -0.746036 1.224533 5.052945 1 00041_front.png

3 0.711501 0.702983 0.015869 0.014501 10.196387 20.014989 59.100648 1 00042_front.png

4 0.711501 0.702983 0.015869 0.014501 10.022387 20.114989 59.100648 1 00043_front.png

5 0.711501 0.702983 0.015869 0.014501 9.889387 20.314989 59.100648 1 00044_front.png

6 0.711501 0.702983 0.015869 0.014501 9.666887 20.379989 59.100648 1 00045_front.png

7 0.711501 0.702983 0.015869 0.014501 9.631657 20.429064 59.100648 1 00046_front.png

8 0.711501 0.702983 0.015869 0.014501 9.589657 20.499364 59.100648 1 00047_front.png

9 0.711501 0.702983 0.015869 0.014501 9.511201 20.683131 59.100648 1 00048_front.png

10 0.711501 0.702983 0.015869 0.014501 9.438958 20.714989 59.100648 1 00049_front.png

11 0.711501 0.702983 0.015869 0.014501 9.350408 20.783028 59.100648 1 00050_front.png

12 0.711501 0.702983 0.015869 0.014501 9.279685 20.851787 59.100648 1 00051_front.png

13 0.711501 0.702983 0.015869 0.014501 9.224107 20.919750 59.100648 1 00052_front.png

14 0.711501 0.702983 0.015869 0.014501 9.216778 20.978750 59.100648 1 00053_front.png

15 0.711501 0.702983 0.015869 0.014501 9.149660 21.018761 59.100648 1 00054_front.png

16 0.711501 0.702983 0.015869 0.014501 9.100391 21.089770 59.100648 1 00055_front.png

17 0.711501 0.702983 0.015869 0.014501 9.009730 21.124310 59.100648 1 00056_front.png

18 0.711501 0.702983 0.015869 0.014501 8.934107 21.189734 59.100648 1 00057_front.png

19 0.711501 0.702983 0.015869 0.014501 8.877658 21.216120 59.100648 1 00058_front.png

20 0.711501 0.702983 0.015869 0.014501 8.839408 21.283238 59.100648 1 00059_front.png

21 0.711501 0.702983 0.015869 0.014501 8.814115 21.316780 59.100648 1 00060_front.png

22 0.711501 0.702983 0.015869 0.014501 8.741198 21.389518 59.100648 1 00061_front.png

23 0.711501 0.702983 0.015869 0.014501 8.710719 21.417222 59.100648 1 00062_front.png

24 0.711501 0.702983 0.015869 0.014501 8.637190 21.578750 59.100648 1 00063_front.png

25 0.711501 0.702983 0.015869 0.014501 8.597190 21.658750 59.100648 1 00064_front.png

26 0.711501 0.702983 0.015869 0.014501 8.527190 21.711279 59.100648 1 00065_front.png

27 0.711501 0.702983 0.015869 0.014501 8.516638 21.820322 59.100648 1 00066_front.png

28 0.711501 0.702983 0.015869 0.014501 8.373289 21.957653 59.100648 1 00067_front.png

29 0.711501 0.702983 0.015869 0.014501 8.310633 22.067649 59.100648 1 00068_front.png

30 0.711501 0.702983 0.015869 0.014501 8.204200 22.173132 59.100648 1 00069_front.png

31 0.711501 0.702983 0.015869 0.014501 8.120208 22.216750 59.100648 1 00070_front.png

32 0.711501 0.702983 0.015869 0.014501 7.974147 22.322324 59.100648 1 00071_front.png

33 0.711501 0.702983 0.015869 0.014501 7.840750 22.429270 59.100648 1 00072_front.png

34 0.711501 0.702983 0.015869 0.014501 7.739739 23.373028 59.100648 1 00073_front.png

35 0.711501 0.702983 0.015869 0.014501 7.694300 23.483131 59.100648 1 00074_front.png

36 0.711501 0.702983 0.015869 0.014501 7.588700 24.328131 59.100648 1 00075_front.png

37 0.711501 0.702983 0.015869 0.014501 7.489759 24.416770 59.100648 1 00076_front.png

38 0.711501 0.702983 0.015869 0.014501 7.399729 24.629940 59.100648 1 00077_front.png

39 0.711501 0.702983 0.015869 0.014501 7.240412 24.782429 59.100648 1 00078_front.png

40 0.711501 0.702983 0.015869 0.014501 7.210740 24.898757 59.100648 1 00079_front.png

41 0.711501 0.702983 0.015869 0.014501 7.114202 24.978748 59.100648 1 00080_front.png

42 0.711501 0.702983 0.015869 0.014501 6.939739 25.063314 59.100648 1 00081_front.png

43 0.711501 0.702983 0.015869 0.014501 6.840940 25.173010 59.100648 1 00082_front.png

44 0.711501 0.702983 0.015869 0.014501 6.747848 25.219781 59.100648 1 00083_front.png

45 0.711501 0.702983 0.015869 0.014501 6.668755 25.336589 59.100648 1 00084_front.png

46 0.711501 0.702983 0.015869 0.014501 6.600389 25.435198 59.100648 1 00085_front.png

47 0.711501 0.702983 0.015869 0.014501 6.514309 25.559949 59.100648 1 00086_front.png

48 0.711501 0.702983 0.015869 0.014501 6.398378 25.639423 59.100648 1 00087_front.png

49 0.711501 0.702983 0.015869 0.014501 6.278285 25.740861 59.100648 1 00088_front.png

50 0.711501 0.702983 0.015869 0.014501 6.199719 25.867750 59.100648 1 00089_front.png

51 0.711501 0.702983 0.015869 0.014501 6.110729 25.937351 59.100648 1 00090_front.png

52 0.711501 0.702983 0.015869 0.014501 5.978292 26.079781 59.100648 1 00091_front.png

53 0.711501 0.702983 0.015869 0.014501 5.867739 26.139409 59.100648 1 00092_front.png

54 0.711501 0.702983 0.015869 0.014501 5.750850 26.213445 59.100648 1 00093_front.png

55 0.711501 0.702983 0.015869 0.014501 5.703389 26.319770 59.100648 1 00094_front.png

56 0.711501 0.702983 0.015869 0.014501 5.538750 26.445770 59.100648 1 00095_front.png

57 0.711501 0.702983 0.015869 0.014501 5.448850 26.518771 59.100648 1 00096_front.png

58 0.711501 0.702983 0.015869 0.014501 5.404402 26.663334 59.100648 1 00097_front.png

59 0.711501 0.702983 0.015869 0.014501 5.295313 26.774343 59.100648 1 00098_front.png

60 0.711501 0.702983 0.015869 0.014501 5.204400 26.878791 59.100648 1 00099_front.png

61 0.711501 0.702983 0.015869 0.014501 5.059762 26.963235 59.100648 1 00100_front.png

62 0.711501 0.702983 0.015869 0.014501 4.949840 27.056778 59.100648 1 000101_front.png

63 0.711501 0.702983 0.015869 0.014501 4.850840 27.128891 59.100648 1 000102_front.png

64 0.711501 0.702983 0.015869 0.014501 4.749860 27.219781 59.100648 1 000103_front.png

65 0.711501 0.702983 0.015869 0.014501 4.649864 27.400324 59.100648 1 000104_front.png

66 0.711501 0.702983 0.015869 0.014501 4.549840 27.418771 59.100648 1 000105_front.png

67 0.711501 0.702983 0.015869 0.014501 4.504403 27.518761 59.100648 1 000106_front.png

68 0.711501 0.702983 0.015869 0.014501 4.348860 27.689760 59.100648 1 000107_front.png

69 0.711501 0.702983 0.015869 0.014501 4.259903 27.739681 59.100648 1 000108_front.png

70 0.711501 0.702983 0.015869 0.014501 4.171759 27.817780 59.100648 1 000109_front.png

71 0.711501 0.702983 0.015869 0.014501 4.058749 27.928331 59.100648 1 000110_front.png

72 0.711501 0.702983 0.015869 0.014501 3.959740 28.082424 59.100648 1 000111_front.png

73 0.711501 0.702983 0.015869 0.014501 3.850649 28.138771 59.100648 1 000112_front.png

74 0.711501 0.702983 0.015869 0.014501 3.749659 28.219781 59.100648 1 000113_front.png

75 0.711501 0.702983 0.015869 0.014501 3.640750 28.376515 59.100648 1 000114_front.png

76 0.711501 0.702983 0.015869 0.014501 3.574409 28.409742 59.100648 1 000115_front.png

77 0.711501 0.702983 0.015869 0.014501 3.504400 28.519781 59.100648 1 000116_front.png

78 0.711501 0.702983 0.015869 0.014501 3.394311 28.603442 59.100648 1 000117_front.png

79 0.711501 0.702983 0.015869 0.014501 3.274409 28.719742 59.100648 1 000118_front.png

80 0.711501 0.702983 0.015869 0.014501 3.205409 28.809742 59.100648 1 000119_front.png

81 0.711501 0.702983 0.015869 0.014501 3.074409 28.909742 59.100648 1 000120_front.png

82 0.711501 0.702983 0.015869 0.014501 2.974409 29.043439 59.100648 1 000121_front.png

83 0.711501 0.702983 0.015869 0.014501 2.850850 29.173333 59.100648 1 000122_front.png

84 0.711501 0.702983 0.015869 0.014501 2.740740 29.219781 59.100648 1 000123_front.png

85 0.711501 0.702983 0.015869 0.014501 2.639739 29.319781 59.100648 1 000124_front.png

86 0.711501 0.702983 0.015869 0.014501 2.604400 29.418771 59.100648 1 000125_front.png

87 0.711501 0.702983 0.015869 0.014501 2.474409 29.518872 59.100648 1 000126_front.png

88 0.711501 0.702983 0.015869 0.014501 2.350853 29.603444 59.100648 1 000127_front.png

89 0.711501 0.702983 0.015869 0.014501 2.250853 29.703444 59.100648 1 000128_front.png

90 0.711501 0.702983 0.015869 0.014501 2.124312 29.849781 59.100648 1 000129_front.png

91 0.711501 0.702983 0.015869 0.014501 2.039740 29.902321 59.100648 1 000130_front.png

92 0.711501 0.702983 0.015869 0.014501 1.974208 30.073139 59.100648 1 000131_front.png

93 0.711501 0.702983 0.015869 0.014501 1.848959 30.118771 59.100648 1 000132_front.png

94 0.711501 0.702983 0.015869 0.014501 1.750830 30.282434 59.100648 1 000133_front.png

95 0.711501 0.702983 0.015869 0.014501 1.649841 30.329872 59.100648 1 000134_front.png

96 0.711501 0.702983 0.015869 0.014501 1.549813 30.428872 59.100648 1 000135_front.png

97 0.711501 0.702983 0.015869 0.014501 1.444229 30.528872 59.100648 1 000136_front.png

98 0.711501 0.702983 0.015869 0.014501 1.404212 30.683243 59.100648 1 000137_front.png

99 0.711501 0.702983 0.015869 0.014501 1.285013 30.785260 59.100648 1 000138_front.png

100 0.711501 0.702983 0.015869 0.014501 1.149939 30.883233 59.100648 1 000139_front.png

