# Image list with two lines of data per image:
#   IMAGE_ID, QW, QX, QY, QZ, TX, TY, TZ, CAMERA_ID, NAME
#   POINTS2D[] as (X, Y, POINT3D_ID)
# Number of images: 40, mean observations per image: 1477.504854368932
57 0.714468 0.699646 0.002177 -0.005021 0.267744 -2.041989 3.500000 1 00038.png

58 0.714468 0.699646 0.002177 -0.005021 0.467744 -3.246241 3.500000 1 00039.png

59 0.714468 0.699646 0.002177 -0.005021 0.467744 -3.746241 3.500000 1 00040.png

60 0.714468 0.699646 -0.005021 0.002177 -0.252236 -0.277741 3.500000 1 00041.png

61 0.711501 0.702983 0.015869 0.014501 10.760333 18.537718 3.500000 1 00042.png

62 0.711501 0.702983 0.015869 0.014501 10.586333 18.637718 3.500000 1 00043.png

63 0.711501 0.702983 0.015869 0.014501 10.453333 18.837718 3.500000 1 00044.png

64 0.711501 0.702983 0.015869 0.014501 10.230833 18.902718 3.500000 1 00045.png

65 0.711501 0.702983 0.015869 0.014501 10.195603 18.951793 3.500000 1 00046.png

66 0.711501 0.702983 0.015869 0.014501 10.153603 19.022093 3.500000 1 00047.png

67 0.711501 0.702983 0.015869 0.014501 10.075147 19.205860 3.500000 1 00048.png

68 0.711501 0.702983 0.015869 0.014501 10.002904 19.237718 3.500000 1 00049.png

69 0.711501 0.702983 0.015869 0.014501 9.914354 19.305757 3.500000 1 00050.png

70 0.711501 0.702983 0.015869 0.014501 9.843631 19.374516 3.500000 1 00051.png

71 0.711501 0.702983 0.015869 0.014501 9.788053 19.442479 3.500000 1 00052.png

72 0.711501 0.702983 0.015869 0.014501 9.780724 19.501479 3.500000 1 00053.png

73 0.711501 0.702983 0.015869 0.014501 9.713606 19.541490 3.500000 1 00054.png

74 0.711501 0.702983 0.015869 0.014501 9.664337 19.612499 3.500000 1 00055.png

75 0.711501 0.702983 0.015869 0.014501 9.573676 19.647039 3.500000 1 00056.png

76 0.711501 0.702983 0.015869 0.014501 9.498053 19.712463 3.500000 1 00057.png

77 0.711501 0.702983 0.015869 0.014501 9.441604 19.738849 3.500000 1 00058.png

78 0.711501 0.702983 0.015869 0.014501 9.403354 19.805967 3.500000 1 00059.png

79 0.711501 0.702983 0.015869 0.014501 9.378061 19.839509 3.500000 1 00060.png

80 0.711501 0.702983 0.015869 0.014501 9.305144 19.912247 3.500000 1 00061.png

81 0.711501 0.702983 0.015869 0.014501 9.274665 19.939951 3.500000 1 00062.png

82 0.711501 0.702983 0.015869 0.014501 9.201136 20.101479 3.500000 1 00063.png

83 0.711501 0.702983 0.015869 0.014501 9.161136 20.181479 3.500000 1 00064.png

84 0.711501 0.702983 0.015869 0.014501 9.091136 20.234008 3.500000 1 00065.png

85 0.711501 0.702983 0.015869 0.014501 9.080584 20.343051 3.500000 1 00066.png

86 0.711501 0.702983 0.015869 0.014501 8.937235 20.480382 3.500000 1 00067.png

87 0.711501 0.702983 0.015869 0.014501 8.874579 20.590378 3.500000 1 00068.png

88 0.711501 0.702983 0.015869 0.014501 8.768146 20.695861 3.500000 1 00069.png

89 0.711501 0.702983 0.015869 0.014501 8.684154 20.739479 3.500000 1 00070.png

90 0.711501 0.702983 0.015869 0.014501 8.538093 20.845053 3.500000 1 00071.png

91 0.711501 0.702983 0.015869 0.014501 8.404696 20.951999 3.500000 1 00072.png

92 0.711501 0.702983 0.015869 0.014501 8.303685 21.895757 3.500000 1 00073.png

93 0.711501 0.702983 0.015869 0.014501 8.258246 22.005860 3.500000 1 00074.png

94 0.711501 0.702983 0.015869 0.014501 8.152646 22.850860 3.500000 1 00075.png

95 0.711501 0.702983 0.015869 0.014501 8.053705 22.939499 3.500000 1 00076.png

96 0.711501 0.702983 0.015869 0.014501 7.963675 23.152669 3.500000 1 00077.png

97 0.711501 0.702983 0.015869 0.014501 7.804358 23.305158 3.500000 1 00078.png

98 0.711501 0.702983 0.015869 0.014501 7.774686 23.421486 3.500000 1 00079.png

99 0.711501 0.702983 0.015869 0.014501 7.678148 23.501477 3.500000 1 00080.png

100 0.711501 0.702983 0.015869 0.014501 7.503685 23.586043 3.500000 1 00081.png

102 0.711501 0.702983 0.015869 0.014501 7.404886 23.695739 3.500000 1 00082.png

103 0.711501 0.702983 0.015869 0.014501 7.311794 23.742510 3.500000 1 00083.png

104 0.711501 0.702983 0.015869 0.014501 7.232701 23.859318 3.500000 1 00084.png

105 0.711501 0.702983 0.015869 0.014501 7.164335 23.957927 3.500000 1 00085.png

106 0.711501 0.702983 0.015869 0.014501 7.078255 24.082678 3.500000 1 00086.png

107 0.711501 0.702983 0.015869 0.014501 6.962324 24.162152 3.500000 1 00087.png

108 0.711501 0.702983 0.015869 0.014501 6.842231 24.263590 3.500000 1 00088.png

109 0.711501 0.702983 0.015869 0.014501 6.763665 24.390479 3.500000 1 00089.png

110 0.711501 0.702983 0.015869 0.014501 6.674675 24.460080 3.500000 1 00090.png

111 0.711501 0.702983 0.015869 0.014501 6.542238 24.602510 3.500000 1 00091.png

112 0.711501 0.702983 0.015869 0.014501 6.431685 24.662138 3.500000 1 00092.png

113 0.711501 0.702983 0.015869 0.014501 6.314796 24.736174 3.500000 1 00093.png

114 0.711501 0.702983 0.015869 0.014501 6.267335 24.842499 3.500000 1 00094.png

115 0.711501 0.702983 0.015869 0.014501 6.102696 24.968499 3.500000 1 00095.png

116 0.711501 0.702983 0.015869 0.014501 6.012796 25.041500 3.500000 1 00096.png

117 0.711501 0.702983 0.015869 0.014501 5.968348 25.186063 3.500000 1 00097.png

118 0.711501 0.702983 0.015869 0.014501 5.859259 25.297072 3.500000 1 00098.png

119 0.711501 0.702983 0.015869 0.014501 5.768346 25.401520 3.500000 1 00099.png

120 0.711501 0.702983 0.015869 0.014501 5.623708 25.485964 3.500000 1 00100.png

121 0.711501 0.702983 0.015869 0.014501 5.513786 25.579507 3.500000 1 000101.png

122 0.711501 0.702983 0.015869 0.014501 5.414786 25.651620 3.500000 1 000102.png

123 0.711501 0.702983 0.015869 0.014501 5.313806 25.742510 3.500000 1 000103.png

124 0.711501 0.702983 0.015869 0.014501 5.213810 25.923053 3.500000 1 000104.png

125 0.711501 0.702983 0.015869 0.014501 5.113786 25.941500 3.500000 1 000105.png

126 0.711501 0.702983 0.015869 0.014501 5.068349 26.041490 3.500000 1 000106.png

127 0.711501 0.702983 0.015869 0.014501 4.912806 26.212489 3.500000 1 000107.png

128 0.711501 0.702983 0.015869 0.014501 4.823849 26.262410 3.500000 1 000108.png

129 0.711501 0.702983 0.015869 0.014501 4.735705 26.340509 3.500000 1 000109.png

130 0.711501 0.702983 0.015869 0.014501 4.622695 26.451060 3.500000 1 000110.png

131 0.711501 0.702983 0.015869 0.014501 4.523686 26.605153 3.500000 1 000111.png

132 0.711501 0.702983 0.015869 0.014501 4.414595 26.661500 3.500000 1 000112.png

133 0.711501 0.702983 0.015869 0.014501 4.313605 26.742510 3.500000 1 000113.png

134 0.711501 0.702983 0.015869 0.014501 4.204696 26.899244 3.500000 1 000114.png

135 0.711501 0.702983 0.015869 0.014501 4.138355 26.932471 3.500000 1 000115.png

136 0.711501 0.702983 0.015869 0.014501 4.068346 27.042510 3.500000 1 000116.png

137 0.711501 0.702983 0.015869 0.014501 3.958257 27.126171 3.500000 1 000117.png

138 0.711501 0.702983 0.015869 0.014501 3.838355 27.242471 3.500000 1 000118.png

139 0.711501 0.702983 0.015869 0.014501 3.769355 27.332471 3.500000 1 000119.png

140 0.711501 0.702983 0.015869 0.014501 3.638355 27.432471 3.500000 1 000120.png

141 0.711501 0.702983 0.015869 0.014501 3.538355 27.566168 3.500000 1 000121.png

142 0.711501 0.702983 0.015869 0.014501 3.414796 27.696062 3.500000 1 000122.png

143 0.711501 0.702983 0.015869 0.014501 3.304686 27.742510 3.500000 1 000123.png

144 0.711501 0.702983 0.015869 0.014501 3.203685 27.842510 3.500000 1 000124.png

145 0.711501 0.702983 0.015869 0.014501 3.168346 27.941500 3.500000 1 000125.png

146 0.711501 0.702983 0.015869 0.014501 3.038355 28.041601 3.500000 1 000126.png

147 0.711501 0.702983 0.015869 0.014501 2.914799 28.126173 3.500000 1 000127.png

148 0.711501 0.702983 0.015869 0.014501 2.814799 28.226173 3.500000 1 000128.png

149 0.711501 0.702983 0.015869 0.014501 2.688258 28.372510 3.500000 1 000129.png

150 0.711501 0.702983 0.015869 0.014501 2.603686 28.425050 3.500000 1 000130.png

151 0.711501 0.702983 0.015869 0.014501 2.538154 28.595868 3.500000 1 000131.png

152 0.711501 0.702983 0.015869 0.014501 2.412905 28.641500 3.500000 1 000132.png

153 0.711501 0.702983 0.015869 0.014501 2.314776 28.805163 3.500000 1 000133.png

154 0.711501 0.702983 0.015869 0.014501 2.213787 28.852601 3.500000 1 000134.png

155 0.711501 0.702983 0.015869 0.014501 2.113759 28.951601 3.500000 1 000135.png

156 0.711501 0.702983 0.015869 0.014501 2.008175 29.051601 3.500000 1 000136.png

157 0.711501 0.702983 0.015869 0.014501 1.968158 29.205972 3.500000 1 000137.png

158 0.711501 0.702983 0.015869 0.014501 1.848959 29.307989 3.500000 1 000138.png

159 0.711501 0.702983 0.015869 0.014501 1.713885 29.405962 3.500000 1 000139.png
